Run of the program for diffusion
5e-05 Delta t
0.01 Delta x
0.2 Time
10000 Number of particles MC
1449785674267835718 Seed used for MC
Analytical solution
[ 1 0.987086 0.974174 0.961268 0.948371 0.935485 0.922614 0.909759 0.896924 0.884112 0.871325 0.858567 0.845839 0.833144 0.820486 0.807866 0.795287 0.782752 0.770263 0.757823 0.745434 0.733098 0.720817 0.708594 0.696431 0.68433 0.672293 0.660322 0.648418 0.636584 0.624822 0.613132 0.601517 0.589978 0.578517 0.567134 0.555832 0.544611 0.533473 0.522418 0.511447 0.500562 0.489762 0.47905 0.468425 0.457888 0.447439 0.437078 0.426807 0.416624 0.406531 0.396526 0.386611 0.376784 0.367045 0.357395 0.347832 0.338356 0.328966 0.319662 0.310443 0.301307 0.292255 0.283284 0.274394 0.265583 0.25685 0.248194 0.239614 0.231106 0.222671 0.214307 0.206011 0.197782 0.189618 0.181516 0.173476 0.165495 0.15757 0.1497 0.141883 0.134115 0.126395 0.118721 0.111089 0.103498 0.0959445 0.0884265 0.0809412 0.0734861 0.0660585 0.0586558 0.0512752 0.0439139 0.0365694 0.0292388 0.0219193 0.0146082 0.00730271 -1.0801e-17 ]
Forward Euler
[ 1 0.987197 0.9744 0.961603 0.948823 0.936042 0.923289 0.910535 0.89782 0.885105 0.872438 0.859771 0.847164 0.834556 0.822018 0.809479 0.797019 0.78456 0.772189 0.759818 0.747545 0.735272 0.723105 0.710938 0.698886 0.686835 0.674905 0.662976 0.651177 0.639378 0.627716 0.616053 0.604534 0.593015 0.581645 0.570275 0.559058 0.547842 0.536784 0.525725 0.514829 0.503933 0.493203 0.482472 0.471909 0.461346 0.450952 0.440559 0.430336 0.420113 0.410061 0.400009 0.390128 0.380247 0.370536 0.360824 0.351281 0.341738 0.332361 0.322983 0.313769 0.304554 0.295499 0.286444 0.277543 0.268643 0.259893 0.251143 0.242537 0.233931 0.225464 0.216997 0.208662 0.200327 0.192116 0.183906 0.175813 0.16772 0.159736 0.151752 0.143868 0.135985 0.128193 0.120402 0.112692 0.104983 0.0973469 0.0897106 0.0821373 0.074564 0.0670436 0.0595232 0.0520453 0.0445675 0.0371217 0.0296759 0.0222515 0.0148272 0.0074136 0 ]
0.0220106 Error
Backward Euler
[ 1 0.987195 0.974393 0.961597 0.948809 0.936031 0.923268 0.910521 0.897792 0.885086 0.872404 0.859748 0.847123 0.834529 0.82197 0.809448 0.796966 0.784525 0.772129 0.75978 0.747479 0.73523 0.723034 0.710894 0.69881 0.686787 0.674825 0.662926 0.651092 0.639325 0.627626 0.615998 0.604441 0.592958 0.581549 0.570215 0.558959 0.547781 0.536682 0.525663 0.514726 0.50387 0.493097 0.482408 0.471802 0.461281 0.450845 0.440494 0.430228 0.420048 0.409954 0.399945 0.390021 0.380183 0.37043 0.360761 0.351177 0.341676 0.332258 0.322922 0.313668 0.304495 0.295401 0.286386 0.277448 0.268587 0.259801 0.251089 0.242449 0.23388 0.22538 0.216948 0.208582 0.200281 0.192041 0.183863 0.175743 0.16768 0.159671 0.151715 0.143809 0.135951 0.12814 0.120371 0.112645 0.104957 0.0973051 0.0896876 0.0821017 0.0745447 0.0670143 0.0595077 0.0520224 0.0445558 0.0371052 0.0296681 0.0222417 0.0148233 0.0074103 0 ]
0.0214704 Error
Crank Nicolson
[ 1 0.987197 0.974396 0.961601 0.948814 0.936039 0.923276 0.91053 0.897804 0.885098 0.872417 0.859764 0.847139 0.834547 0.821989 0.809468 0.796987 0.784548 0.772153 0.759805 0.747506 0.735258 0.723063 0.710923 0.698841 0.686818 0.674857 0.662959 0.651126 0.63936 0.627662 0.616035 0.604479 0.592996 0.581587 0.570255 0.558999 0.547821 0.536723 0.525705 0.514767 0.503912 0.49314 0.48245 0.471845 0.461324 0.450888 0.440537 0.430272 0.420091 0.409997 0.399988 0.390064 0.380226 0.370472 0.360803 0.351219 0.341717 0.332299 0.322963 0.313708 0.304535 0.29544 0.286425 0.277486 0.268625 0.259838 0.251125 0.242484 0.233914 0.225414 0.216981 0.208614 0.200311 0.192071 0.183892 0.175771 0.167706 0.159697 0.151739 0.143833 0.135974 0.128161 0.120392 0.112664 0.104974 0.0973218 0.0897031 0.0821159 0.0745577 0.0670259 0.0595181 0.0520315 0.0445636 0.0371118 0.0296733 0.0222456 0.0148259 0.00741161 0 ]
0.0217405 Error
Monte Carlo equal steplength
[ 1 0.99019 0.97683 0.96236 0.94484 0.9365 0.92457 0.90808 0.90009 0.88457 0.87418 0.86231 0.84684 0.83271 0.81888 0.81405 0.79401 0.7878 0.77372 0.7588 0.74759 0.73562 0.72307 0.70863 0.69763 0.69104 0.67482 0.66197 0.65621 0.63449 0.62644 0.61512 0.60466 0.592 0.58448 0.57084 0.56319 0.54923 0.53657 0.52356 0.51393 0.50284 0.48964 0.48111 0.47101 0.46345 0.45392 0.44141 0.43091 0.41964 0.40765 0.39584 0.3903 0.37797 0.36681 0.36064 0.35495 0.34521 0.33181 0.32572 0.31431 0.2997 0.29849 0.28608 0.2798 0.26663 0.2609 0.24851 0.24233 0.23152 0.22408 0.21507 0.20909 0.19819 0.19267 0.18177 0.17559 0.16527 0.15946 0.15136 0.14359 0.13653 0.12717 0.12211 0.11415 0.10452 0.09771 0.09152 0.08166 0.07466 0.06718 0.05897 0.05341 0.04337 0.03681 0.02928 0.02237 0.01487 0.00759 0 ]
0.0241509 Error
variance
[ 0 0.00979035 0.00869483 0.00856694 0.00836387 0.00798311 0.0106713 0.00350251 0.00873252 0.00830555 0.0123884 0.00775557 0.0107769 0.00822258 0.00870113 0.00848366 0.010733 0.00706258 0.00797882 0.0119589 0.00734812 0.00812217 0.00735895 0.00962362 0.00839715 0.00723259 0.0083078 0.0069155 0.00735207 0.00887665 0.00888327 0.00708037 0.0112667 0.011696 0.0101029 0.00840859 0.0077718 0.00727311 0.0061446 0.00719808 0.00700572 0.00538724 0.00663855 0.00590092 0.0070092 0.00475442 0.00590302 0.00564508 0.00656269 0.00540355 0.00671346 0.00516163 0.0058978 0.00372989 0.00556209 0.00478251 0.00532715 0.00676897 0.00549317 0.00447879 0.00508988 0.00469745 0.00430893 0.00453228 0.00443396 0.00324039 0.00648722 0.00493952 0.00431603 0.00435059 0.00604496 0.00335442 0.00449699 0.00219155 0.0040361 0.00397745 0.00155077 0.00457385 0.00312768 0.00372913 0.00372624 0.00270631 0.00318372 0.00380827 0.00314364 0.00351704 0.00274316 0.00403629 0.00327909 0.0025196 0.00198232 0.00291721 0.00218287 0.00131076 0.00185604 0.00113031 0.00126495 0.000734915 0.000650308 0 ]
Monte Carlo variable steplength
[ 1 0.810263 0.77685 0.777645 0.732299 0.725139 0.725935 0.717979 0.725935 0.712411 0.733492 0.72315 0.691726 0.686158 0.661496 0.694511 0.622116 0.650358 0.66428 0.638823 0.642403 0.626889 0.604216 0.626889 0.615752 0.59109 0.579157 0.560064 0.562053 0.571201 0.585919 0.548926 0.52864 0.514718 0.510342 0.541368 0.495227 0.492045 0.493636 0.472554 0.469769 0.458632 0.468178 0.462212 0.420446 0.459029 0.417263 0.421639 0.40533 0.409706 0.397772 0.389419 0.386635 0.357995 0.3572 0.344073 0.347255 0.326969 0.338504 0.328162 0.315434 0.290374 0.297932 0.291567 0.278839 0.278839 0.270088 0.24463 0.26253 0.234288 0.216786 0.207637 0.213604 0.213206 0.204057 0.192522 0.18218 0.163882 0.166269 0.159905 0.144789 0.154733 0.133652 0.129674 0.11615 0.10899 0.104216 0.0958632 0.0763723 0.0767701 0.0731901 0.061257 0.0588703 0.0449483 0.0369928 0.0310263 0.0206842 0.0167064 0.00795545 0 ]
0.515567 Error
Variance
[ 0.0754762 0.0319731 0.0436844 0.0633758 0.0293086 0.0633208 0.0671105 0.0506672 0.0432915 0.0547844 0.0464969 0.0646989 0.0788643 0.0404576 0.0429171 0.0554661 0.0322269 0.0609579 0.0373567 0.0435811 0.0382462 0.0562591 0.0512633 0.0583845 0.0391276 0.0252327 0.0435811 0.0580475 0.0435756 0.0281942 0.0347249 0.0610552 0.0460953 0.0454297 0.0414925 0.0315446 0.0489195 0.0499058 0.0492483 0.0301258 0.0422632 0.0346793 0.0554333 0.0417491 0.0274463 0.0285289 0.0312928 0.0392567 0.0355534 0.0478651 0.0302412 0.0469456 0.0425003 0.0334224 0.0298091 0.0264601 0.0390972 0.044072 0.00879608 0.0364239 0.0450748 0.0426192 0.0391942 0.0196525 0.0289282 0.0321409 0.0316448 0.0376205 0.0305535 0.0363456 0.0246009 0.0178599 0.0344504 0.0226556 0.0201298 0.00875099 0.0320102 0.0291652 0.0259499 0.0195516 0.0252953 0.00997608 0.0186741 0.0172653 0.0181238 0.0205306 0.0218449 0.015756 0.0233842 0.0155131 0.0165159 0.0145826 0.0128031 0.0113974 0.0129566 0.0125535 0.00660829 0.00903565 0.00562535 0 ]
