Run of the program for diffusion
5e-05 Delta t
0.01 Delta x
0.01 Time
100000 Number of particles MC
1449785411502426915 Seed used for MC
Analytical solution
[ 1 0.94306 0.886409 0.830333 0.775108 0.720999 0.668251 0.617093 0.567729 0.520338 0.475073 0.432058 0.39139 0.353136 0.317335 0.284001 0.253122 0.224662 0.198566 0.174758 0.153148 0.133634 0.116102 0.10043 0.0864923 0.0741603 0.0633043 0.0537963 0.0455113 0.0383286 0.0321334 0.0268169 0.0222778 0.0184221 0.0151636 0.0124238 0.0101318 0.00822425 0.00664466 0.00534333 0.0042767 0.00340687 0.00270115 0.00213149 0.00167399 0.00130844 0.00101785 0.000788012 0.000607158 0.00046557 0.000355286 0.000269823 0.000203931 0.000153387 0.000114812 8.55232e-05 6.33971e-05 4.67674e-05 3.43322e-05 2.50809e-05 1.82332e-05 1.31905e-05 9.49587e-06 6.80269e-06 4.8495e-06 3.44018e-06 2.42847e-06 1.70588e-06 1.19241e-06 8.29397e-07 5.74062e-07 3.95378e-07 2.7097e-07 1.84792e-07 1.254e-07 8.46762e-08 5.68951e-08 3.80396e-08 2.53072e-08 1.67531e-08 1.10355e-08 7.23318e-09 4.71746e-09 3.06145e-09 1.9769e-09 1.27022e-09 8.12102e-10 5.16626e-10 3.2702e-10 2.05968e-10 1.29075e-10 8.0476e-11 4.991e-11 3.07728e-11 1.88333e-11 1.13906e-11 6.72146e-12 3.71806e-12 1.64951e-12 -3.8983e-17 ]
Forward Euler
[ 1 0.943652 0.887861 0.83207 0.777921 0.723771 0.67225 0.620729 0.572676 0.524622 0.480688 0.436753 0.397378 0.358003 0.323412 0.28882 0.259034 0.229247 0.204105 0.178964 0.158165 0.137367 0.120503 0.103639 0.0902383 0.0768376 0.0664017 0.0559657 0.0480015 0.0400372 0.0340813 0.0281254 0.0237612 0.0193969 0.0162637 0.0131304 0.0109264 0.0087225 0.00720383 0.00568516 0.00466005 0.00363495 0.00295719 0.00227944 0.00184056 0.00140169 0.00112338 0.00084507 0.000672248 0.000499426 0.000394351 0.000289275 0.00022673 0.000164185 0.000127742 9.12982e-05 7.05139e-05 4.97297e-05 3.81292e-05 2.65288e-05 2.01931e-05 1.38575e-05 1.0472e-05 7.08653e-06 5.31685e-06 3.54718e-06 2.64238e-06 1.73759e-06 1.28519e-06 8.32791e-07 6.11619e-07 3.90447e-07 2.84739e-07 1.79032e-07 1.29651e-07 8.02691e-08 5.77253e-08 3.51816e-08 2.51261e-08 1.50706e-08 1.06893e-08 6.30798e-09 4.44359e-09 2.5792e-09 1.80456e-09 1.02992e-09 7.15729e-10 4.01539e-10 2.77171e-10 1.52803e-10 1.04769e-10 5.67346e-11 3.86311e-11 2.05277e-11 1.38507e-11 7.17379e-12 4.70004e-12 2.22618e-12 1.11309e-12 0 ]
0.0121561 Error
Backward Euler
[ 1 0.943511 0.887305 0.831664 0.776859 0.723148 0.670774 0.61996 0.570908 0.523794 0.478768 0.435953 0.395444 0.357309 0.321588 0.288295 0.257418 0.228926 0.202764 0.178861 0.15713 0.13747 0.119773 0.10392 0.0897894 0.0772551 0.0661912 0.0564728 0.0479777 0.040588 0.0341908 0.0286796 0.0239544 0.0199226 0.0164988 0.0136051 0.0111712 0.00913358 0.00743582 0.00602787 0.00486573 0.00391094 0.00313017 0.00249464 0.00197974 0.00156447 0.00123109 0.000964675 0.000752738 0.000584902 0.000452587 0.000348744 0.000267609 0.000204499 0.000155625 0.000117944 8.90193e-05 6.69128e-05 5.00908e-05 3.73453e-05 2.77301e-05 2.05073e-05 1.51048e-05 1.1081e-05 8.09661e-06 5.89249e-06 4.27141e-06 3.0841e-06 2.21807e-06 1.589e-06 1.13391e-06 8.06017e-07 5.70734e-07 4.0258e-07 2.82883e-07 1.98019e-07 1.3809e-07 9.59344e-08 6.63983e-08 4.57842e-08 3.14528e-08 2.15277e-08 1.46803e-08 9.97427e-09 6.75219e-09 4.55443e-09 3.06094e-09 2.04981e-09 1.36778e-09 9.09398e-10 6.02433e-10 3.97571e-10 2.61278e-10 1.70825e-10 1.10842e-10 7.09472e-11 4.40999e-11 2.54688e-11 1.16322e-11 0 ]
0.010757 Error
Crank Nicolson
[ 1 0.943617 0.887515 0.831972 0.777257 0.723626 0.671321 0.620564 0.571554 0.524468 0.479456 0.43664 0.396117 0.357956 0.322198 0.288858 0.257927 0.229376 0.203151 0.179182 0.157386 0.137663 0.119904 0.103994 0.0898113 0.0772303 0.0661258 0.056373 0.0478497 0.0404379 0.0340244 0.0285022 0.0237709 0.0197373 0.0163153 0.0134266 0.011 0.00897166 0.00728452 0.00588808 0.0047379 0.00379521 0.00302636 0.00240234 0.00189836 0.00149331 0.00116935 0.000911508 0.000707291 0.00054633 0.000420078 0.000321531 0.000244981 0.000185805 0.00014028 0.000105427 7.8872e-05 5.87366e-05 4.35421e-05 3.21312e-05 2.36026e-05 1.72587e-05 1.25625e-05 9.10255e-06 6.56552e-06 4.71407e-06 3.36934e-06 2.39727e-06 1.69791e-06 1.19713e-06 8.40222e-07 5.87054e-07 4.08314e-07 2.82713e-07 1.94864e-07 1.33709e-07 9.13329e-08 6.21068e-08 4.20433e-08 2.83338e-08 1.90092e-08 1.26963e-08 8.44205e-09 5.58829e-09 3.68276e-09 2.41621e-09 1.57821e-09 1.02628e-09 6.64417e-10 4.28237e-10 2.7478e-10 1.75509e-10 1.11562e-10 7.05229e-11 4.42508e-11 2.74214e-11 1.65483e-11 9.32705e-12 4.19105e-12 0 ]
0.011458 Error
Monte Carlo equal steplength
[ 1 0.944648 0.886629 0.831972 0.779754 0.723851 0.673532 0.620587 0.572062 0.523949 0.479122 0.436836 0.397447 0.357251 0.324349 0.289414 0.259225 0.229424 0.204356 0.179108 0.157478 0.137004 0.120506 0.103459 0.089836 0.076356 0.066554 0.055526 0.048226 0.040102 0.034039 0.027942 0.023593 0.019499 0.016426 0.013195 0.010887 0.008775 0.007329 0.005459 0.004624 0.003652 0.003032 0.002367 0.001805 0.001402 0.001103 0.000859 0.000673 0.000489 0.000419 0.000298 0.000211 0.000171 0.000119 7.7e-05 7.3e-05 5e-05 4.3e-05 3e-05 1.3e-05 1.4e-05 1.5e-05 8e-06 6e-06 3e-06 1e-06 1e-06 1e-06 2e-06 0 0 0 0 1e-06 0 1e-06 0 0 0 0 0 0 0 0 0 0 0 0 0 0 0 0 0 0 0 0 0 0 0 ]
0.0121 Error
variance
[ 0 -nan 0.533831 -nan -nan 0.426057 -nan -nan -nan 1.05355 0.99446 1.17245 -nan -nan 1.21761 -nan -nan 0.862656 -nan -nan -nan 1.23506 1.08628 0.932625 0.809877 0.688313 0.600005 0.500552 0.434752 0.361566 0.306867 0.252039 0.212702 0.175786 0.148085 0.119007 0.0981785 0.0791475 0.0660936 0.049255 0.0417028 0.0329612 0.027404 0.0214049 0.0162912 0.012674 0.00996682 0.00775895 0.00607827 0.00446894 0.00380434 0.0027374 0.00194493 0.00156547 0.00113704 0.000725432 0.000714424 0.000494227 0.000445003 0.000299297 0.000142809 0.000161633 0.000178477 0.000107012 9.91687e-05 4.95844e-05 2.86625e-05 2.86625e-05 2.86625e-05 4.05101e-05 0 0 0 0 2.86625e-05 0 2.86625e-05 0 0 0 0 0 0 0 0 0 0 0 0 0 0 0 0 0 0 0 0 0 0 0 ]
Monte Carlo variable steplength
[ 1 0.772778 0.762462 0.74782 0.740056 0.716026 0.685352 0.668773 0.638616 0.610084 0.575397 0.544218 0.506311 0.478857 0.448359 0.411803 0.38061 0.348871 0.317159 0.287344 0.256164 0.231439 0.207341 0.178509 0.163567 0.142485 0.12581 0.107307 0.0945896 0.0828546 0.0688272 0.0587023 0.0508562 0.0404858 0.0347274 0.0292147 0.02478 0.0208638 0.0170021 0.014273 0.0114348 0.00846012 0.00698642 0.00620864 0.00488504 0.00360237 0.00320666 0.00222419 0.00171932 0.00135089 0.00114621 0.000723204 0.000750495 0.000573105 0.000395715 0.000191035 0.000231971 0.00020468 0.000122808 9.55175e-05 2.72907e-05 4.09361e-05 0 2.72907e-05 0 0 1.36454e-05 1.36454e-05 0 0 0 1.36454e-05 0 0 0 1.36454e-05 0 0 0 0 0 0 0 0 0 0 0 0 0 0 0 0 0 0 0 0 0 0 0 0 ]
0.278932 Error
Variance
[ 0.0117181 0.00701537 0.005796 0.0109592 0.00996078 0.00734222 0.00444688 0.0116275 0.00875293 0.00516112 0.00915639 0.00635236 0.00715289 0.00971297 0.0064506 0.00651084 0.00878724 0.00393216 0.00415951 0.00555411 0.00390746 0.00515876 0.00403093 0.00469361 0.005191 0.00322897 0.002641 0.00388842 0.00444085 0.00286669 0.00286565 0.00208359 0.00237841 0.00180413 0.00172952 0.00177437 0.00135797 0.0021108 0.00154645 0.00174447 0.00101893 0.00116905 0.000645239 0.000812443 0.000856076 0.000559959 0.000671956 0.000356089 0.000362052 0.000446143 0.000529187 0.000405017 0.00020468 0.000250124 0.00017739 0.000109163 0.000228738 0.000110012 0.000142462 0.000122808 5.45814e-05 6.25309e-05 0 5.45814e-05 0 0 4.09361e-05 4.09361e-05 0 0 0 4.09361e-05 0 0 0 4.09361e-05 0 0 0 0 0 0 0 0 0 0 0 0 0 0 0 0 0 0 0 0 0 0 0 0 ]
