100 : size of system
0 6 : limits of rho
true : two electrons
0.5 : omega_r

2.24884
4.17116
6.14541

0 0 -0.00880128 -0.0177955 -0.027002 -0.0363964 -0.0459358 -0.055568 -0.0652355 -0.0748776 -0.0844324 -0.0938376 -0.103032 -0.111955 -0.12055 -0.128762 -0.13654 -0.143839 -0.150615 -0.156832 -0.162458 -0.167467 -0.171838 -0.175556 -0.178611 -0.181 -0.182725 -0.183792 -0.184214 -0.184007 -0.183193 -0.181796 -0.179845 -0.177373 -0.174412 -0.171 -0.167176 -0.16298 -0.15845 -0.15363 -0.148559 -0.143279 -0.137828 -0.132247 -0.126571 -0.120838 -0.11508 -0.109329 -0.103615 -0.0979658 -0.0924052 -0.086956 -0.0816378 -0.0764681 -0.0714619 -0.0666317 -0.0619878 -0.0575383 -0.0532893 -0.0492447 -0.045407 -0.0417767 -0.038353 -0.0351335 -0.0321148 -0.0292925 -0.026661 -0.0242142 -0.0219453 -0.0198468 -0.0179111 -0.01613 -0.0144955 -0.0129991 -0.0116326 -0.0103878 -0.0092565 -0.0082308 -0.007303 -0.00646564 -0.00571159 -0.00503402 -0.00442644 -0.00388269 -0.00339698 -0.00296385 -0.0025782 -0.00223526 -0.00193058 -0.00166002 -0.00141975 -0.0012062 -0.00101603 -0.000846163 -0.000693705 -0.000555933 -0.000430267 -0.000314235 -0.000205432 -0.000101485 
0 0 0.0122092 0.0246015 0.0371171 0.0496341 0.0620054 0.0740728 0.0856747 0.0966503 0.106844 0.11611 0.12431 0.131324 0.137044 0.14138 0.144261 0.145637 0.145477 0.143769 0.140525 0.135775 0.129568 0.121971 0.11307 0.102965 0.0917699 0.0796092 0.0666179 0.0529384 0.0387176 0.0241058 0.00925375 -0.00568922 -0.0205772 -0.0352695 -0.0496327 -0.0635417 -0.0768815 -0.0895478 -0.101449 -0.112504 -0.122648 -0.131826 -0.139998 -0.147137 -0.153228 -0.158268 -0.162267 -0.165243 -0.167226 -0.168253 -0.168369 -0.167626 -0.166082 -0.163797 -0.160837 -0.157268 -0.153159 -0.148577 -0.143592 -0.138268 -0.132671 -0.126863 -0.120902 -0.114843 -0.108738 -0.102634 -0.0965732 -0.0905942 -0.0847311 -0.0790135 -0.0734666 -0.0681118 -0.0629662 -0.0580433 -0.0533531 -0.0489023 -0.0446946 -0.0407313 -0.0370109 -0.0335299 -0.0302831 -0.0272634 -0.0244625 -0.0218711 -0.0194786 -0.017274 -0.0152456 -0.0133811 -0.0116682 -0.010094 -0.00864571 -0.00731035 -0.00607478 -0.00492579 -0.00384998 -0.00283372 -0.00186305 -0.000923516 
0 0 0.0147197 0.0295556 0.0443296 0.05879 0.0726601 0.0856578 0.0975082 0.107953 0.116757 0.123717 0.128663 0.131466 0.132039 0.130341 0.126375 0.120193 0.111888 0.101598 0.0895001 0.0758066 0.0607609 0.044632 0.0277086 0.0102931 -0.00730448 -0.0247733 -0.0418077 -0.0581129 -0.0734111 -0.087446 -0.0999878 -0.110837 -0.119826 -0.126825 -0.131739 -0.134511 -0.135122 -0.133589 -0.129964 -0.124333 -0.11681 -0.107538 -0.0966805 -0.0844225 -0.0709634 -0.0565133 -0.0412896 -0.0255123 -0.00940023 0.00683236 0.0229794 0.0388459 0.0542505 0.0690278 0.0830297 0.0961274 0.108211 0.119193 0.129003 0.137593 0.144932 0.151011 0.155835 0.159425 0.161818 0.163061 0.163215 0.162347 0.160533 0.157854 0.154394 0.15024 0.14548 0.1402 0.134486 0.12842 0.122079 0.115538 0.108865 0.102123 0.0953679 0.0886504 0.0820143 0.0754974 0.0691308 0.0629397 0.056943 0.051154 0.0455807 0.0402256 0.0350863 0.0301559 0.0254228 0.0208714 0.0164816 0.0122297 0.00808762 0.00402322 
