100 : size of system
0 6 : limits of rho
false : two electrons
6.95268e-310 : omega_r

2.86633
6.79433
10.7356

0.0215945 0.0429661 0.063895 0.0841678 0.103582 0.121949 0.139097 0.154874 0.169152 0.181825 0.192812 0.202059 0.209539 0.215247 0.219206 0.221459 0.222074 0.221133 0.218739 0.215006 0.210061 0.204036 0.197073 0.189312 0.180896 0.171964 0.162649 0.153082 0.143381 0.133658 0.124012 0.114533 0.105298 0.0963747 0.0878169 0.0796685 0.0719629 0.0647234 0.0579644 0.051692 0.0459051 0.0405965 0.0357534 0.0313588 0.027392 0.0238298 0.0206471 0.0178176 0.0153144 0.0131104 0.011179 0.00949455 0.00803214 0.00676833 0.00568107 0.00474989 0.00395591 0.00328189 0.00271219 0.00223275 0.001831 0.00149578 0.00121726 0.000986825 0.000796966 0.000641188 0.000513904 0.000410328 0.00032639 0.000258644 0.000204187 0.000160591 0.000125829 9.82222e-05 7.63856e-05 5.91818e-05 4.56817e-05 3.51298e-05 2.69148e-05 2.05442e-05 1.56233e-05 1.18371e-05 8.9352e-06 6.71976e-06 5.03493e-06 3.75857e-06 2.79535e-06 2.07123e-06 1.5289e-06 1.12424e-06 8.23386e-07 6.00472e-07 4.35805e-07 3.14445e-07 2.25093e-07 1.592e-07 1.10279e-07 7.33906e-08 4.46966e-08 2.11157e-08 
0.0265869 0.0525235 0.0771761 0.099945 0.120281 0.1377 0.151795 0.162249 0.168836 0.171435 0.17002 0.164666 0.155544 0.142907 0.127087 0.108482 0.0875397 0.0647468 0.0406127 0.0156557 -0.00961097 -0.0346924 -0.0591235 -0.0824793 -0.104383 -0.124513 -0.142606 -0.15846 -0.171936 -0.182953 -0.191489 -0.197575 -0.201289 -0.20275 -0.202115 -0.199563 -0.195299 -0.189538 -0.182503 -0.17442 -0.16551 -0.155982 -0.146038 -0.13586 -0.125615 -0.11545 -0.10549 -0.0958425 -0.0865949 -0.0778149 -0.0695529 -0.0618432 -0.0547056 -0.0481469 -0.0421634 -0.0367419 -0.0318623 -0.0274982 -0.0236194 -0.0201926 -0.0171829 -0.0145546 -0.0122722 -0.010301 -0.00860771 -0.0071608 -0.00593083 -0.00489062 -0.0040153 -0.0032824 -0.00267175 -0.00216541 -0.00174758 -0.00140441 -0.00112389 -0.000895635 -0.000710767 -0.00056172 -0.000442095 -0.000346516 -0.000270489 -0.000210281 -0.000162809 -0.000125543 -9.64156e-05 -7.37463e-05 -5.61785e-05 -4.26213e-05 -3.22026e-05 -2.42282e-05 -1.81483e-05 -1.35297e-05 -1.00322e-05 -7.38971e-06 -5.39482e-06 -3.88576e-06 -2.73615e-06 -1.84642e-06 -1.13668e-06 -5.40615e-07 
-0.0297664 -0.0583824 -0.0847428 -0.107832 -0.126767 -0.140829 -0.149493 -0.15245 -0.149611 -0.141114 -0.127312 -0.108754 -0.0861637 -0.060404 -0.0324422 -0.00330883 0.0259427 0.0542777 0.0807182 0.104378 0.124492 0.14044 0.151763 0.158173 0.159554 0.155959 0.1476 0.13483 0.118123 0.0980503 0.0752572 0.0504332 0.0242882 -0.00247311 -0.0291738 -0.055184 -0.0799376 -0.102944 -0.123799 -0.142186 -0.15788 -0.170746 -0.180733 -0.187867 -0.192242 -0.194011 -0.193373 -0.190565 -0.185847 -0.179495 -0.171792 -0.163016 -0.153434 -0.143299 -0.132843 -0.122273 -0.111771 -0.101492 -0.0915635 -0.0820885 -0.0731442 -0.0647856 -0.0570474 -0.0499464 -0.0434842 -0.0376498 -0.0324218 -0.0277711 -0.0236627 -0.0200578 -0.0169154 -0.0141934 -0.0118501 -0.00984504 -0.00813937 -0.00669677 -0.00548355 -0.00446888 -0.00362488 -0.0029266 -0.00235193 -0.00188144 -0.00149821 -0.00118764 -0.000937207 -0.000736254 -0.000575785 -0.000448253 -0.000347368 -0.00026792 -0.000205622 -0.000156962 -0.000119081 -8.96599e-05 -6.68239e-05 -4.90575e-05 -3.51332e-05 -2.40472e-05 -1.49643e-05 -7.16552e-06 
